ITEM: TIMESTEP
0
ITEM: NUMBER OF ATOMS
33
ITEM: BOX BOUNDS pp pp pp
0.0000000000000000e+00 7.0970000000000004e+00
0.0000000000000000e+00 7.0970000000000004e+00
0.0000000000000000e+00 2.4588000000000001e+01
ITEM: ATOMS id type x y z 
2 1 3.339 1.632 13.319 
5 1 4.651 1.581 18.133 
7 1 3.391 1.602 15.981 
8 1 2.166 1.581 18.134 
18 1 3.408 1.581 17.416 
21 1 3.338 2.875 12.602 
23 1 3.367 1.619 14.753 
24 1 3.338 0.39 12.601 
17 1 7.023 2.875 24.28 
19 1 6.997 1.619 22.129 
20 1 7.023 0.39 24.281 
22 1 6.957 1.581 19.466 
25 1 5.714 1.581 18.748 
27 1 6.974 1.602 20.9 
28 1 1.102 1.581 18.748 
30 1 7.024 1.631 23.563 
10 1 6.954 5.232 5.122 
13 1 7.023 3.938 0.307 
15 1 6.994 5.194 2.459 
16 1 7.023 6.423 0.307 
26 1 7.022 5.181 1.025 
29 1 5.711 5.232 5.839 
31 1 6.97 5.211 3.688 
32 1 1.098 5.232 5.84 
33 2 6.954 3.882 5.122 
1 1 4.647 5.232 6.454 
3 1 3.388 5.211 8.606 
4 1 2.163 5.232 6.454 
6 1 3.338 5.182 11.269 
9 1 3.338 3.939 11.986 
11 1 3.365 5.194 9.834 
12 1 3.338 6.423 11.987 
14 1 3.404 5.232 7.171 
ITEM: TIMESTEP
10
ITEM: NUMBER OF ATOMS
33
ITEM: BOX BOUNDS pp pp pp
0.0000000000000000e+00 7.0970000000000004e+00
0.0000000000000000e+00 7.0970000000000004e+00
0.0000000000000000e+00 2.4588000000000001e+01
ITEM: ATOMS id type x y z 
2 1 3.33951 1.63122 13.3236 
5 1 4.65289 1.5804 18.1342 
7 1 3.38899 1.60089 15.9788 
8 1 2.1655 1.5814 18.1349 
18 1 3.40249 1.58186 17.4178 
21 1 3.33835 2.88043 12.5986 
23 1 3.36603 1.61702 14.7632 
24 1 3.33847 0.3911 12.6006 
17 1 7.02305 2.84823 24.2646 
19 1 6.99807 1.61728 22.1193 
20 1 7.02297 0.387398 24.2842 
22 1 6.96396 1.58139 19.4588 
25 1 5.70566 1.58178 18.7424 
27 1 6.97609 1.60071 20.9044 
28 1 1.10714 1.58126 18.7439 
30 1 7.02298 1.62758 23.5603 
10 1 6.95697 5.30133 5.12915 
13 1 7.02277 3.96403 0.32418 
15 1 6.99258 5.19598 2.44963 
16 1 7.02299 6.42776 0.302973 
26 1 7.02248 5.18459 1.01029 
29 1 5.64947 5.29583 5.87674 
31 1 6.97283 5.27472 3.61046 
32 1 1.15988 5.29593 5.87781 
33 2 6.95281 3.61023 5.12014 
1 1 4.64206 5.24015 6.4548 
3 1 3.38785 5.20936 8.61489 
4 1 2.16494 5.24071 6.45675 
6 1 3.33799 5.1833 11.2689 
9 1 3.3383 3.93055 11.9894 
11 1 3.36499 5.19465 9.83096 
12 1 3.33813 6.427 11.9913 
14 1 3.4028 5.22495 7.18602 
ITEM: TIMESTEP
20
ITEM: NUMBER OF ATOMS
33
ITEM: BOX BOUNDS pp pp pp
0.0000000000000000e+00 7.0970000000000004e+00
0.0000000000000000e+00 7.0970000000000004e+00
0.0000000000000000e+00 2.4588000000000001e+01
ITEM: ATOMS id type x y z 
2 1 3.33935 1.63229 13.3229 
5 1 4.65858 1.58258 18.1276 
7 1 3.38852 1.60235 15.9799 
8 1 2.16323 1.58151 18.139 
18 1 3.40884 1.57975 17.4172 
21 1 3.33362 2.87795 12.5969 
23 1 3.36864 1.61863 14.7587 
24 1 3.33878 0.391376 12.6003 
17 1 7.02845 2.8692 24.2789 
19 1 6.99479 1.6167 22.1205 
20 1 7.02646 0.396955 24.2804 
22 1 6.95656 1.58237 19.4616 
25 1 5.70497 1.57946 18.7501 
27 1 6.97691 1.60118 20.8997 
28 1 1.10558 1.58061 18.7411 
30 1 7.02117 1.62742 23.5493 
10 1 6.96358 5.21953 5.11084 
13 1 7.02002 3.92887 0.298649 
15 1 6.99567 5.20499 2.42712 
16 1 7.02055 6.4257 0.298055 
26 1 7.02256 5.18689 0.951215 
29 1 5.65887 5.38361 5.87158 
31 1 6.97367 5.37584 3.62955 
32 1 1.14319 5.37823 5.86757 
33 2 6.95474 3.37709 5.12251 
1 1 4.62071 5.27589 6.47604 
3 1 3.38626 5.19917 8.62171 
4 1 2.18068 5.27725 6.47286 
6 1 3.33412 5.17975 11.277 
9 1 3.34214 3.93045 11.9902 
11 1 3.37004 5.20122 9.84507 
12 1 3.33773 6.42906 11.9941 
14 1 3.40304 5.19715 7.24564 
ITEM: TIMESTEP
30
ITEM: NUMBER OF ATOMS
33
ITEM: BOX BOUNDS pp pp pp
0.0000000000000000e+00 7.0970000000000004e+00
0.0000000000000000e+00 7.0970000000000004e+00
0.0000000000000000e+00 2.4588000000000001e+01
ITEM: ATOMS id type x y z 
2 1 3.3386 1.63246 13.3284 
5 1 4.65821 1.57982 18.1253 
7 1 3.39084 1.60338 15.9819 
8 1 2.16599 1.58168 18.1393 
18 1 3.40842 1.57925 17.4163 
21 1 3.33544 2.869 12.601 
23 1 3.36824 1.621 14.7613 
24 1 3.33798 0.396818 12.6027 
17 1 7.02514 2.86168 24.2781 
19 1 6.9958 1.61794 22.1109 
20 1 7.02503 0.399893 24.2795 
22 1 6.95591 1.58173 19.4567 
25 1 5.70569 1.58177 18.7519 
27 1 6.97397 1.60078 20.8906 
28 1 1.10357 1.58002 18.7399 
30 1 7.02414 1.63051 23.5481 
10 1 6.95154 5.14877 5.10939 
13 1 7.02258 3.92664 0.289445 
15 1 6.99614 5.23763 2.43554 
16 1 7.02131 6.43022 0.287703 
26 1 7.02207 5.17891 0.97521 
29 1 5.68397 5.40908 5.84897 
31 1 6.97487 5.39923 3.63349 
32 1 1.12365 5.40622 5.84699 
33 2 6.9545 3.29364 5.12102 
1 1 4.65389 5.3143 6.47751 
3 1 3.39008 5.19261 8.6431 
4 1 2.15463 5.31376 6.47846 
6 1 3.33581 5.18245 11.2951 
9 1 3.34003 3.92602 11.9908 
11 1 3.36571 5.2041 9.86546 
12 1 3.33726 6.43215 12.0001 
14 1 3.40101 5.17757 7.21386 
ITEM: TIMESTEP
40
ITEM: NUMBER OF ATOMS
33
ITEM: BOX BOUNDS pp pp pp
0.0000000000000000e+00 7.0970000000000004e+00
0.0000000000000000e+00 7.0970000000000004e+00
0.0000000000000000e+00 2.4588000000000001e+01
ITEM: ATOMS id type x y z 
2 1 3.33787 1.63294 13.3294 
5 1 4.65645 1.5808 18.1268 
7 1 3.39321 1.60173 15.984 
8 1 2.16742 1.58136 18.1404 
18 1 3.40811 1.57951 17.4181 
21 1 3.33957 2.86949 12.599 
23 1 3.36593 1.62293 14.7636 
24 1 3.33688 0.395264 12.6035 
17 1 7.02518 2.86552 24.2772 
19 1 6.99637 1.61957 22.1109 
20 1 7.02469 0.395819 24.2782 
22 1 6.9563 1.58166 19.4556 
25 1 5.70634 1.58049 18.7494 
27 1 6.97321 1.60082 20.8908 
28 1 1.10279 1.57983 18.7375 
30 1 7.02435 1.63012 23.5483 
10 1 6.95337 5.10437 5.11116 
13 1 7.02162 3.92821 0.291782 
15 1 6.99571 5.25615 2.43668 
16 1 7.02305 6.42777 0.288349 
26 1 7.02219 5.17802 0.982205 
29 1 5.68403 5.40993 5.85494 
31 1 6.97438 5.39133 3.63923 
32 1 1.12258 5.40795 5.85393 
33 2 6.95391 3.30805 5.12043 
1 1 4.64708 5.31896 6.47271 
3 1 3.39062 5.19447 8.63503 
4 1 2.15888 5.31777 6.47115 
6 1 3.33634 5.18327 11.2899 
9 1 3.33661 3.92789 11.9914 
11 1 3.36549 5.1997 9.85792 
12 1 3.33784 6.43105 12.0003 
14 1 3.40361 5.18826 7.21408 
ITEM: TIMESTEP
50
ITEM: NUMBER OF ATOMS
33
ITEM: BOX BOUNDS pp pp pp
0.0000000000000000e+00 7.0970000000000004e+00
0.0000000000000000e+00 7.0970000000000004e+00
0.0000000000000000e+00 2.4588000000000001e+01
ITEM: ATOMS id type x y z 
2 1 3.34343 1.63344 13.3262 
5 1 4.65545 1.58428 18.1304 
7 1 3.39026 1.59951 15.9834 
8 1 2.16986 1.58455 18.1433 
18 1 3.40863 1.57852 17.4193 
21 1 3.33298 2.87546 12.5969 
23 1 3.37139 1.6291 14.7632 
24 1 3.33137 0.394315 12.5973 
17 1 7.03006 2.87794 24.2729 
19 1 6.99373 1.62095 22.1148 
20 1 7.01964 0.390578 24.2721 
22 1 6.95767 1.58673 19.4585 
25 1 5.70935 1.57329 18.7462 
27 1 6.96907 1.60159 20.895 
28 1 1.10028 1.57299 18.732 
30 1 7.02709 1.6273 23.5547 
10 1 6.95428 4.9036 5.12319 
13 1 7.02087 3.93118 0.305043 
15 1 6.99379 5.32436 2.46605 
16 1 7.02972 6.41867 0.278467 
26 1 7.02097 5.18292 0.984735 
29 1 5.69427 5.415 5.84929 
31 1 6.97089 5.37329 3.66603 
32 1 1.10826 5.41204 5.85289 
33 2 6.95064 3.35546 5.12403 
1 1 4.66188 5.34417 6.46386 
3 1 3.3929 5.20766 8.61616 
4 1 2.14561 5.34611 6.45875 
6 1 3.34141 5.18488 11.2779 
9 1 3.33734 3.93473 11.9904 
11 1 3.36725 5.18181 9.84244 
12 1 3.33141 6.41791 12.0157 
14 1 3.41024 5.22667 7.20288 
ITEM: TIMESTEP
60
ITEM: NUMBER OF ATOMS
33
ITEM: BOX BOUNDS pp pp pp
0.0000000000000000e+00 7.0970000000000004e+00
0.0000000000000000e+00 7.0970000000000004e+00
0.0000000000000000e+00 2.4588000000000001e+01
ITEM: ATOMS id type x y z 
2 1 3.33046 1.63635 13.3219 
5 1 4.65834 1.57905 18.1271 
7 1 3.39712 1.6108 15.9777 
8 1 2.16689 1.57771 18.1421 
18 1 3.40913 1.57538 17.4171 
21 1 3.34314 2.87373 12.5948 
23 1 3.36569 1.62287 14.7578 
24 1 3.33478 0.387316 12.6044 
17 1 7.02823 2.88397 24.2781 
19 1 6.99629 1.62299 22.1201 
20 1 7.02645 0.389909 24.2724 
22 1 6.95577 1.57955 19.4617 
25 1 5.70844 1.58107 18.7495 
27 1 6.9676 1.60174 20.9008 
28 1 1.1002 1.58082 18.7351 
30 1 7.025 1.63841 23.5628 
10 1 6.95963 4.81742 5.12895 
13 1 7.02233 3.93735 0.312383 
15 1 6.99494 5.34757 2.47782 
16 1 7.02464 6.41157 0.26795 
26 1 7.02121 5.18782 0.997795 
29 1 5.7089 5.40431 5.84806 
31 1 6.97645 5.37336 3.66761 
32 1 1.09722 5.39601 5.84002 
33 2 6.95189 3.34149 5.13212 
1 1 4.66786 5.36986 6.45385 
3 1 3.39936 5.21416 8.61321 
4 1 2.13327 5.3731 6.45452 
6 1 3.32631 5.17923 11.2678 
9 1 3.34505 3.93703 11.9941 
11 1 3.36695 5.1798 9.83829 
12 1 3.3362 6.4226 12.0036 
14 1 3.39622 5.25667 7.20247 
ITEM: TIMESTEP
70
ITEM: NUMBER OF ATOMS
33
ITEM: BOX BOUNDS pp pp pp
0.0000000000000000e+00 7.0970000000000004e+00
0.0000000000000000e+00 7.0970000000000004e+00
0.0000000000000000e+00 2.4588000000000001e+01
ITEM: ATOMS id type x y z 
2 1 3.33712 1.63295 13.3194 
5 1 4.65828 1.58063 18.1286 
7 1 3.39656 1.60465 15.9785 
8 1 2.16506 1.57492 18.1414 
18 1 3.40929 1.57973 17.4149 
21 1 3.33726 2.87442 12.5938 
23 1 3.3679 1.62637 14.7584 
24 1 3.3338 0.385061 12.604 
17 1 7.02247 2.887 24.2819 
19 1 6.99125 1.62457 22.1233 
20 1 7.02571 0.388626 24.2701 
22 1 6.95601 1.57928 19.4624 
25 1 5.70953 1.57772 18.749 
27 1 6.97069 1.60406 20.9038 
28 1 1.10004 1.58209 18.7371 
30 1 7.03049 1.64108 23.5646 
10 1 6.9663 4.78192 5.12121 
13 1 7.0261 3.93851 0.316318 
15 1 6.99646 5.35789 2.48419 
16 1 7.02469 6.41097 0.266411 
26 1 7.02056 5.19573 1.00028 
29 1 5.70438 5.39664 5.85109 
31 1 6.98067 5.36338 3.67969 
32 1 1.09561 5.38534 5.83907 
33 2 6.95247 3.33274 5.13348 
1 1 4.66258 5.38297 6.45942 
3 1 3.3972 5.22235 8.60976 
4 1 2.12807 5.3865 6.44662 
6 1 3.33494 5.18062 11.2632 
9 1 3.33842 3.93747 11.9951 
11 1 3.36955 5.17701 9.83401 
12 1 3.33141 6.42246 11.9995 
14 1 3.40112 5.27537 7.19352 
ITEM: TIMESTEP
80
ITEM: NUMBER OF ATOMS
33
ITEM: BOX BOUNDS pp pp pp
0.0000000000000000e+00 7.0970000000000004e+00
0.0000000000000000e+00 7.0970000000000004e+00
0.0000000000000000e+00 2.4588000000000001e+01
ITEM: ATOMS id type x y z 
2 1 3.33645 1.63281 13.32 
5 1 4.65786 1.57913 18.1286 
7 1 3.39585 1.60486 15.9779 
8 1 2.16551 1.57823 18.141 
18 1 3.40902 1.57907 17.4158 
21 1 3.33752 2.87497 12.5943 
23 1 3.36876 1.62621 14.7579 
24 1 3.33409 0.38459 12.6036 
17 1 7.02563 2.88817 24.283 
19 1 6.99504 1.62565 22.1232 
20 1 7.02634 0.389265 24.2691 
22 1 6.95609 1.57947 19.4637 
25 1 5.70927 1.57929 18.7486 
27 1 6.96865 1.60402 20.9037 
28 1 1.10063 1.5788 18.737 
30 1 7.02722 1.6402 23.5657 
10 1 6.9653 4.77711 5.12235 
13 1 7.02375 3.94006 0.317939 
15 1 6.99706 5.35919 2.4843 
16 1 7.02437 6.4117 0.266135 
26 1 7.02077 5.1952 1.00168 
29 1 5.70557 5.39459 5.85074 
31 1 6.98149 5.36212 3.67898 
32 1 1.09533 5.3839 5.83787 
33 2 6.95254 3.32884 5.13353 
1 1 4.66314 5.38513 6.45848 
3 1 3.39639 5.2223 8.60827 
4 1 2.12731 5.3888 6.4457 
6 1 3.33503 5.18026 11.264 
9 1 3.33718 3.93762 11.9941 
11 1 3.36963 5.1777 9.83228 
12 1 3.33243 6.42193 11.9986 
14 1 3.40076 5.27981 7.19593 
ITEM: TIMESTEP
90
ITEM: NUMBER OF ATOMS
33
ITEM: BOX BOUNDS pp pp pp
0.0000000000000000e+00 7.0970000000000004e+00
0.0000000000000000e+00 7.0970000000000004e+00
0.0000000000000000e+00 2.4588000000000001e+01
ITEM: ATOMS id type x y z 
2 1 3.33636 1.62751 13.312 
5 1 4.65319 1.5777 18.1419 
7 1 3.39001 1.60413 15.9739 
8 1 2.15301 1.57861 18.1228 
18 1 3.40791 1.58214 17.4164 
21 1 3.31951 2.8877 12.6157 
23 1 3.36525 1.62348 14.7542 
24 1 3.35083 0.374508 12.5942 
17 1 7.02481 2.90436 24.3352 
19 1 7.00677 1.62881 22.1377 
20 1 7.02369 0.392866 24.2438 
22 1 6.95825 1.57572 19.4762 
25 1 5.71588 1.57694 18.7416 
27 1 6.96758 1.61683 20.919 
28 1 1.11255 1.57809 18.7608 
30 1 7.02585 1.67508 23.5828 
10 1 6.95441 4.60509 5.12745 
13 1 7.01896 3.96772 0.35191 
15 1 7.02141 5.40644 2.52397 
16 1 7.02145 6.42809 0.263432 
26 1 7.01961 5.22607 1.02477 
29 1 5.71428 5.3054 5.84979 
31 1 7.01134 5.28285 3.70748 
32 1 1.08857 5.30788 5.79954 
33 2 6.95454 3.2105 5.13433 
1 1 4.67857 5.46743 6.44393 
3 1 3.37969 5.28719 8.58748 
4 1 2.09881 5.47623 6.40911 
6 1 3.33905 5.17011 11.2429 
9 1 3.32266 3.92141 11.9667 
11 1 3.36166 5.16894 9.80861 
12 1 3.35333 6.42004 11.9766 
14 1 3.39222 5.43513 7.17795 
ITEM: TIMESTEP
100
ITEM: NUMBER OF ATOMS
33
ITEM: BOX BOUNDS pp pp pp
0.0000000000000000e+00 7.0970000000000004e+00
0.0000000000000000e+00 7.0970000000000004e+00
0.0000000000000000e+00 2.4588000000000001e+01
ITEM: ATOMS id type x y z 
2 1 3.33768 1.62738 13.3154 
5 1 4.65556 1.58014 18.1414 
7 1 3.39051 1.60505 15.9739 
8 1 2.15429 1.57982 18.1275 
18 1 3.40696 1.58028 17.4135 
21 1 3.32275 2.88607 12.61 
23 1 3.36572 1.62189 14.7533 
24 1 3.3465 0.371891 12.5935 
17 1 7.02024 2.90803 24.3344 
19 1 6.99649 1.63817 22.1384 
20 1 7.02379 0.397373 24.2471 
22 1 6.95875 1.58105 19.4751 
25 1 5.71611 1.57563 18.7445 
27 1 6.97181 1.60687 20.9201 
28 1 1.10936 1.57684 18.7584 
30 1 7.03136 1.66833 23.5854 
10 1 6.96298 4.61372 5.12556 
13 1 7.02472 3.96615 0.355862 
15 1 7.02325 5.39622 2.52059 
16 1 7.02175 6.42967 0.262305 
26 1 7.01752 5.23487 1.03682 
29 1 5.70586 5.29831 5.85363 
31 1 7.00841 5.2752 3.70717 
32 1 1.0911 5.30025 5.81036 
33 2 6.95329 3.21464 5.13529 
1 1 4.66793 5.46287 6.4489 
3 1 3.38029 5.29877 8.5797 
4 1 2.11113 5.47151 6.40624 
6 1 3.34087 5.16928 11.2389 
9 1 3.32591 3.92453 11.969 
11 1 3.36096 5.17046 9.7987 
12 1 3.34818 6.41887 11.9742 
14 1 3.38993 5.44085 7.16892 
ITEM: TIMESTEP
110
ITEM: NUMBER OF ATOMS
33
ITEM: BOX BOUNDS pp pp pp
0.0000000000000000e+00 7.0970000000000004e+00
0.0000000000000000e+00 7.0970000000000004e+00
0.0000000000000000e+00 2.4588000000000001e+01
ITEM: ATOMS id type x y z 
2 1 3.33757 1.62646 13.3126 
5 1 4.65518 1.5807 18.1401 
7 1 3.39076 1.60393 15.9732 
8 1 2.15626 1.5794 18.1297 
18 1 3.40775 1.57991 17.4146 
21 1 3.32562 2.88394 12.6073 
23 1 3.36644 1.6216 14.7533 
24 1 3.34459 0.371252 12.5941 
17 1 7.02572 2.91 24.3349 
19 1 6.99251 1.64124 22.1403 
20 1 7.02455 0.398338 24.25 
22 1 6.95826 1.57699 19.4777 
25 1 5.71442 1.57676 18.7452 
27 1 6.97328 1.61086 20.9196 
28 1 1.10922 1.57833 18.7561 
30 1 7.03028 1.67197 23.5852 
10 1 6.96032 4.61732 5.13083 
13 1 7.02042 3.9673 0.359035 
15 1 7.02193 5.391 2.52185 
16 1 7.02167 6.42977 0.264198 
26 1 7.01957 5.23343 1.03103 
29 1 5.70728 5.29314 5.85314 
31 1 7.0094 5.27323 3.70624 
32 1 1.09092 5.29721 5.81003 
33 2 6.95245 3.2071 5.13654 
1 1 4.67181 5.45969 6.4444 
3 1 3.37845 5.30356 8.5809 
4 1 2.11085 5.46989 6.40547 
6 1 3.34181 5.17002 11.2351 
9 1 3.32999 3.9255 11.9694 
11 1 3.36161 5.17415 9.7998 
12 1 3.34211 6.41783 11.9701 
14 1 3.38901 5.4492 7.172 
ITEM: TIMESTEP
118
ITEM: NUMBER OF ATOMS
33
ITEM: BOX BOUNDS pp pp pp
0.0000000000000000e+00 7.0970000000000004e+00
0.0000000000000000e+00 7.0970000000000004e+00
0.0000000000000000e+00 2.4588000000000001e+01
ITEM: ATOMS id type x y z 
2 1 3.33726 1.6253 13.3121 
5 1 4.65553 1.57872 18.1401 
7 1 3.39111 1.60287 15.9727 
8 1 2.15683 1.57945 18.131 
18 1 3.40783 1.58136 17.4141 
21 1 3.32777 2.88372 12.6051 
23 1 3.36646 1.62164 14.7526 
24 1 3.34195 0.370188 12.5932 
17 1 7.02468 2.91009 24.3346 
19 1 6.99769 1.64403 22.1399 
20 1 7.02495 0.400005 24.2513 
22 1 6.9582 1.57616 19.4777 
25 1 5.7144 1.57812 18.7461 
27 1 6.97003 1.612 20.9207 
28 1 1.10837 1.57796 18.7555 
30 1 7.02749 1.67265 23.5859 
10 1 6.96166 4.61778 5.13157 
13 1 7.02193 3.96699 0.360041 
15 1 7.02187 5.38795 2.52201 
16 1 7.02183 6.43112 0.264378 
26 1 7.01931 5.23362 1.03069 
29 1 5.7077 5.29039 5.85283 
31 1 7.00923 5.2704 3.70854 
32 1 1.08971 5.29433 5.80958 
33 2 6.95212 3.20619 5.13717 
1 1 4.67003 5.45824 6.44462 
3 1 3.37742 5.30392 8.57955 
4 1 2.11082 5.46891 6.40505 
6 1 3.34074 5.16955 11.2349 
9 1 3.33157 3.9255 11.9698 
11 1 3.36178 5.17782 9.79907 
12 1 3.34261 6.41893 11.9695 
14 1 3.39112 5.45509 7.17208 
ITEM: TIMESTEP
119
ITEM: NUMBER OF ATOMS
33
ITEM: BOX BOUNDS pp pp pp
0.0000000000000000e+00 7.0970000000000004e+00
0.0000000000000000e+00 7.0970000000000004e+00
0.0000000000000000e+00 2.4588000000000001e+01
ITEM: ATOMS id type x y z 
33 2 6.95212 3.20619 5.13717 
2 1 3.33726 1.6253 13.3121 
5 1 4.65553 1.57872 18.1401 
7 1 3.39111 1.60287 15.9727 
8 1 2.15683 1.57945 18.131 
18 1 3.40783 1.58136 17.4141 
21 1 3.32777 2.88372 12.6051 
23 1 3.36646 1.62164 14.7526 
24 1 3.34195 0.370188 12.5932 
17 1 7.02468 2.91009 24.3346 
19 1 6.99769 1.64403 22.1399 
20 1 7.02495 0.400005 24.2513 
22 1 6.9582 1.57616 19.4777 
25 1 5.7144 1.57812 18.7461 
27 1 6.97003 1.612 20.9207 
28 1 1.10837 1.57796 18.7555 
30 1 7.02749 1.67265 23.5859 
10 1 6.96166 4.61778 5.13157 
13 1 7.02193 3.96699 0.360041 
15 1 7.02187 5.38795 2.52201 
16 1 7.02183 6.43112 0.264378 
26 1 7.01931 5.23362 1.03069 
29 1 5.7077 5.29039 5.85283 
31 1 7.00923 5.2704 3.70854 
32 1 1.08971 5.29433 5.80958 
1 1 4.67003 5.45824 6.44462 
3 1 3.37742 5.30392 8.57955 
4 1 2.11082 5.46891 6.40505 
6 1 3.34074 5.16955 11.2349 
9 1 3.33157 3.9255 11.9698 
11 1 3.36178 5.17782 9.79907 
12 1 3.34261 6.41893 11.9695 
14 1 3.39112 5.45509 7.17208 
ITEM: TIMESTEP
120
ITEM: NUMBER OF ATOMS
33
ITEM: BOX BOUNDS pp pp pp
-2.0782973950825612e-04 7.0972078297395083e+00
-1.8482493230163744e-04 7.0971848249323024e+00
-1.2294000000000001e-03 2.4589229400000001e+01
ITEM: ATOMS id type x y z 
33 2 6.95232 3.20617 5.13645 
2 1 3.33724 1.62519 13.3122 
5 1 4.65559 1.57863 18.1407 
7 1 3.39111 1.60277 15.9731 
8 1 2.15675 1.57934 18.1316 
18 1 3.40782 1.58126 17.4147 
21 1 3.32776 2.88368 12.6051 
23 1 3.36645 1.62154 14.7529 
24 1 3.34194 0.370005 12.5932 
17 1 7.02488 2.91006 24.3358 
19 1 6.99789 1.64394 22.1409 
20 1 7.02515 0.399844 24.2524 
22 1 6.9584 1.57606 19.4784 
25 1 5.71452 1.57802 18.7468 
27 1 6.97023 1.6119 20.9216 
28 1 1.10823 1.57786 18.7561 
30 1 7.0277 1.67256 23.587 
10 1 6.96186 4.61783 5.13086 
13 1 7.02214 3.96701 0.358849 
15 1 7.02207 5.38805 2.52103 
16 1 7.02203 6.43127 0.263178 
26 1 7.01951 5.23371 1.02956 
29 1 5.70782 5.29047 5.85218 
31 1 7.00944 5.27048 3.70768 
32 1 1.08957 5.29442 5.80894 
1 1 4.6701 5.45833 6.44403 
3 1 3.37741 5.30402 8.5792 
4 1 2.11074 5.46901 6.40446 
6 1 3.34073 5.16963 11.2348 
9 1 3.33156 3.92552 11.9698 
11 1 3.36176 5.17791 9.79881 
12 1 3.34259 6.41909 11.9695 
14 1 3.39111 5.45519 7.17156 
ITEM: TIMESTEP
128
ITEM: NUMBER OF ATOMS
33
ITEM: BOX BOUNDS pp pp pp
-1.4878710386042027e-03 7.0984878710386043e+00
-1.9899455470526375e-03 7.0989899455470535e+00
-7.5895402931268974e-03 2.4595589540293126e+01
ITEM: ATOMS id type x y z 
33 2 6.95353 3.20595 5.13279 
2 1 3.33714 1.62419 13.3127 
5 1 4.65612 1.57776 18.1437 
7 1 3.39106 1.60184 15.9748 
8 1 2.15618 1.57834 18.1347 
18 1 3.40778 1.5802 17.4173 
21 1 3.32778 2.88339 12.6051 
23 1 3.36638 1.6205 14.7543 
24 1 3.34186 0.367903 12.593 
17 1 7.02614 2.90992 24.3421 
19 1 6.99895 1.64306 22.1458 
20 1 7.02637 0.398227 24.2588 
22 1 6.95961 1.57508 19.4821 
25 1 5.71516 1.57689 18.7501 
27 1 6.97157 1.61098 20.9262 
28 1 1.10744 1.57685 18.7593 
30 1 7.02902 1.6717 23.5929 
10 1 6.96314 4.61841 5.12715 
13 1 7.0234 3.96709 0.352646 
15 1 7.02331 5.38874 2.51639 
16 1 7.02332 6.43284 0.256958 
26 1 7.02078 5.2346 1.02382 
29 1 5.70832 5.29126 5.84901 
31 1 7.01069 5.27124 3.70281 
32 1 1.08907 5.29523 5.80582 
1 1 4.67069 5.45918 6.44087 
3 1 3.37739 5.30529 8.57772 
4 1 2.10995 5.46986 6.40124 
6 1 3.34068 5.17056 11.2342 
9 1 3.33156 3.92561 11.9697 
11 1 3.36165 5.17876 9.79707 
12 1 3.34237 6.42094 11.9695 
14 1 3.39097 5.45629 7.1688 
ITEM: TIMESTEP
129
ITEM: NUMBER OF ATOMS
33
ITEM: BOX BOUNDS pp pp pp
-1.4878710386042027e-03 7.0984878710386043e+00
-1.9899455470526375e-03 7.0989899455470535e+00
-7.5895402931268974e-03 2.4595589540293126e+01
ITEM: ATOMS id type x y z 
33 2 6.95353 3.20595 5.13279 
2 1 3.33714 1.62419 13.3127 
5 1 4.65612 1.57776 18.1437 
7 1 3.39106 1.60184 15.9748 
8 1 2.15618 1.57834 18.1347 
18 1 3.40778 1.5802 17.4173 
21 1 3.32778 2.88339 12.6051 
23 1 3.36638 1.6205 14.7543 
24 1 3.34186 0.367903 12.593 
17 1 7.02614 2.90992 24.3421 
19 1 6.99895 1.64306 22.1458 
20 1 7.02637 0.398227 24.2588 
22 1 6.95961 1.57508 19.4821 
25 1 5.71516 1.57689 18.7501 
27 1 6.97157 1.61098 20.9262 
28 1 1.10744 1.57685 18.7593 
30 1 7.02902 1.6717 23.5929 
10 1 6.96314 4.61841 5.12715 
13 1 7.0234 3.96709 0.352646 
15 1 7.02331 5.38874 2.51639 
16 1 7.02332 6.43284 0.256958 
26 1 7.02078 5.2346 1.02382 
29 1 5.70832 5.29126 5.84901 
31 1 7.01069 5.27124 3.70281 
32 1 1.08907 5.29523 5.80582 
1 1 4.67069 5.45918 6.44087 
3 1 3.37739 5.30529 8.57772 
4 1 2.10995 5.46986 6.40124 
6 1 3.34068 5.17056 11.2342 
9 1 3.33156 3.92561 11.9697 
11 1 3.36165 5.17876 9.79707 
12 1 3.34237 6.42094 11.9695 
14 1 3.39097 5.45629 7.1688 
ITEM: TIMESTEP
130
ITEM: NUMBER OF ATOMS
33
ITEM: BOX BOUNDS pp pp pp
-1.4881127837877656e-03 7.0984881127837882e+00
-1.9843979065127201e-03 7.0989843979065137e+00
-7.5710137796648974e-03 2.4595571013779665e+01
ITEM: ATOMS id type x y z 
33 2 6.95353 3.20595 5.1328 
2 1 3.33714 1.62419 13.3127 
5 1 4.65612 1.57776 18.1437 
7 1 3.39106 1.60184 15.9748 
8 1 2.15618 1.57835 18.1347 
18 1 3.40778 1.5802 17.4173 
21 1 3.32778 2.88339 12.6051 
23 1 3.36638 1.6205 14.7543 
24 1 3.34186 0.367908 12.593 
17 1 7.02614 2.90992 24.3421 
19 1 6.99895 1.64306 22.1458 
20 1 7.02637 0.398231 24.2587 
22 1 6.95961 1.57508 19.4821 
25 1 5.71516 1.57689 18.7501 
27 1 6.97157 1.61098 20.9262 
28 1 1.10744 1.57685 18.7593 
30 1 7.02902 1.6717 23.5928 
10 1 6.96314 4.61841 5.12716 
13 1 7.0234 3.96709 0.352664 
15 1 7.02331 5.38874 2.5164 
16 1 7.02332 6.43284 0.256976 
26 1 7.02078 5.2346 1.02383 
29 1 5.70832 5.29125 5.84902 
31 1 7.01069 5.27123 3.70283 
32 1 1.08907 5.29522 5.80583 
1 1 4.67069 5.45917 6.44087 
3 1 3.37739 5.30528 8.57772 
4 1 2.10995 5.46986 6.40125 
6 1 3.34068 5.17056 11.2342 
9 1 3.33156 3.9256 11.9697 
11 1 3.36165 5.17876 9.79707 
12 1 3.34237 6.42094 11.9695 
14 1 3.39097 5.45629 7.16881 
ITEM: TIMESTEP
133
ITEM: NUMBER OF ATOMS
33
ITEM: BOX BOUNDS pp pp pp
-1.4882559159638980e-03 7.0984882559159646e+00
-1.9812773587090165e-03 7.0989812773587095e+00
-7.5606003768940088e-03 2.4595560600376896e+01
ITEM: ATOMS id type x y z 
33 2 6.95353 3.20595 5.1328 
2 1 3.33714 1.6242 13.3127 
5 1 4.65612 1.57776 18.1437 
7 1 3.39106 1.60184 15.9748 
8 1 2.15618 1.57835 18.1347 
18 1 3.40778 1.5802 17.4173 
21 1 3.32778 2.88339 12.6051 
23 1 3.36638 1.6205 14.7543 
24 1 3.34186 0.36791 12.593 
17 1 7.02614 2.90992 24.3421 
19 1 6.99895 1.64306 22.1458 
20 1 7.02637 0.398234 24.2587 
22 1 6.95961 1.57508 19.4821 
25 1 5.71516 1.57689 18.7501 
27 1 6.97157 1.61098 20.9262 
28 1 1.10744 1.57685 18.7593 
30 1 7.02903 1.6717 23.5928 
10 1 6.96314 4.61841 5.12717 
13 1 7.0234 3.96709 0.352674 
15 1 7.02331 5.38874 2.51641 
16 1 7.02332 6.43284 0.256986 
26 1 7.02078 5.23459 1.02384 
29 1 5.70832 5.29125 5.84903 
31 1 7.01069 5.27123 3.70283 
32 1 1.08907 5.29522 5.80584 
1 1 4.67069 5.45917 6.44088 
3 1 3.37739 5.30528 8.57772 
4 1 2.10995 5.46986 6.40125 
6 1 3.34068 5.17055 11.2342 
9 1 3.33156 3.9256 11.9697 
11 1 3.36165 5.17876 9.79707 
12 1 3.34237 6.42093 11.9695 
14 1 3.39097 5.45628 7.16881 
ITEM: TIMESTEP
134
ITEM: NUMBER OF ATOMS
33
ITEM: BOX BOUNDS pp pp pp
-1.4882559159638980e-03 7.0984882559159646e+00
-1.9812773587090165e-03 7.0989812773587095e+00
-7.5606003768940088e-03 2.4595560600376896e+01
ITEM: ATOMS id type x y z 
33 2 6.95353 3.20595 5.1328 
2 1 3.33714 1.6242 13.3127 
5 1 4.65612 1.57776 18.1437 
7 1 3.39106 1.60184 15.9748 
8 1 2.15618 1.57835 18.1347 
18 1 3.40778 1.5802 17.4173 
21 1 3.32778 2.88339 12.6051 
23 1 3.36638 1.6205 14.7543 
24 1 3.34186 0.36791 12.593 
17 1 7.02614 2.90992 24.3421 
19 1 6.99895 1.64306 22.1458 
20 1 7.02637 0.398234 24.2587 
22 1 6.95961 1.57508 19.4821 
25 1 5.71516 1.57689 18.7501 
27 1 6.97157 1.61098 20.9262 
28 1 1.10744 1.57685 18.7593 
30 1 7.02903 1.6717 23.5928 
10 1 6.96314 4.61841 5.12717 
13 1 7.0234 3.96709 0.352674 
15 1 7.02331 5.38874 2.51641 
16 1 7.02332 6.43284 0.256986 
26 1 7.02078 5.23459 1.02384 
29 1 5.70832 5.29125 5.84903 
31 1 7.01069 5.27123 3.70283 
32 1 1.08907 5.29522 5.80584 
1 1 4.67069 5.45917 6.44088 
3 1 3.37739 5.30528 8.57772 
4 1 2.10995 5.46986 6.40125 
6 1 3.34068 5.17055 11.2342 
9 1 3.33156 3.9256 11.9697 
11 1 3.36165 5.17876 9.79707 
12 1 3.34237 6.42093 11.9695 
14 1 3.39097 5.45628 7.16881 
